$ 1 0.000005 159.55918304990493 46 5 43 5e-11
r 208 128 208 192 0 1000
v 80 256 80 128 0 0 40 20 0 0 0.5
r 320 208 320 192 0 1000
w 320 256 256 256 0
r 256 208 256 240 0 2200
f 288 160 320 160 1 1.5 0.02
w 256 240 256 256 0
w 256 208 256 192 0
w 256 160 288 160 0
w 256 192 256 160 0
w 208 192 256 192 0
w 80 256 256 256 0
w 144 192 208 192 0
w 320 144 320 128 0
w 144 128 208 128 0
w 208 128 320 128 0
s 80 128 144 128 0 1 false
162 320 208 320 256 2 default-led 1 0 0 0.03
w 320 176 320 192 0
209 144 128 144 192 0 0.00021999999999999998 6.249999999811447 0.001 1
f 480 128 512 128 33 1.5 0.02
v 384 240 384 176 0 0 40 12 0 0 0.5
v 432 256 432 160 0 0 40 10 0 0 0.5
w 384 256 432 256 0
w 432 160 512 160 0
s 384 176 384 144 0 0 false
w 464 128 480 128 0
r 464 176 464 240 0 22000
w 464 176 464 128 0
w 432 256 464 256 0
w 464 256 464 240 0
w 432 128 464 128 0
w 544 144 544 176 0
r 544 192 544 176 0 330
d 464 96 512 96 2 default
w 512 96 544 96 0
w 464 128 464 96 0
w 544 112 544 96 0
w 544 240 544 256 0
w 464 256 544 256 0
162 544 192 544 240 2 default-led 1 0 0 0.03
w 512 144 512 160 0
s 544 112 544 144 0 1 false
w 512 112 512 96 0
w 384 144 384 128 0
w 384 256 384 240 0
d 432 128 432 160 2 default
w 384 128 432 128 0
o 2 64 0 4099 20 0.05 0 4 2 3 20 0 20 3
38 0 F1 0 1 101 -1 Resistance
